1 8
2 9
3 10
4 12
5 13
6 14
7 15
11 20
16 21
17 22
18 23
19 24
25 26
28 35
29 36
30 37
31 39
32 40
33 41
34 42
38 47
43 48
44 49
45 50
46 51
52 53
55 62
56 63
57 64
58 66
59 67
60 68
61 69
65 74
70 75
71 76
72 77
73 78
79 80
81 85
82 86
83 87
84 88
89 93
90 94
91 95
92 96
97 98
100 107
101 108
102 109
103 111
104 112
105 113
106 114
110 119
115 120
116 121
117 122
118 123
124 125
127 134
128 135
129 136
130 138
131 139
132 140
133 141
137 146
142 147
143 148
144 149
145 150
151 152
154 161
155 162
156 163
157 165
158 166
159 167
160 168
164 173
169 174
170 175
171 176
172 177
178 179
181 188
182 189
183 190
184 192
185 193
186 194
187 195
191 200
196 201
197 202
198 203
199 204
205 206
208 215
209 216
210 217
211 219
212 220
213 221
214 222
218 227
223 228
224 229
225 230
226 231
232 233
235 242
236 243
237 244
238 246
239 247
240 248
241 249
245 254
250 255
251 256
252 257
253 258
259 260
262 269
263 270
264 271
265 273
266 274
267 275
268 276
272 281
277 282
278 283
279 284
280 285
286 287
289 292
290 293
288 294
153 296
291 297
295 302
299 303
298 304
300 305
301 306
307 308
310 317
311 318
312 319
313 321
314 322
315 323
316 324
320 329
325 330
326 331
327 332
328 333
334 335
337 344
338 345
339 346
340 348
341 349
342 350
343 351
347 356
352 357
353 358
354 359
355 360
361 362
364 371
365 372
366 373
367 375
368 376
369 377
370 378
374 383
379 384
380 385
381 386
382 387
388 389
391 398
392 399
393 400
394 402
395 403
396 404
397 405
401 410
406 411
407 412
408 413
409 414
415 416
418 424
417 425
419 426
420 428
421 429
422 430
423 431
427 436
432 437
433 438
434 439
435 440
441 442
444 451
445 452
446 453
447 455
448 456
449 457
450 458
454 463
459 464
460 465
461 466
462 467
468 469
471 478
472 479
473 480
474 482
475 483
476 484
477 485
481 490
486 491
487 492
488 493
489 494
495 496
498 505
499 506
500 507
501 509
502 510
503 511
504 512
508 517
513 518
514 519
515 520
516 521
522 523
525 532
526 533
527 534
528 536
529 537
530 538
531 539
535 544
540 545
541 546
542 547
543 548
549 550
552 559
553 560
554 561
555 563
556 564
557 565
558 566
562 571
567 572
568 573
569 574
570 575
576 577
579 585
580 586
581 587
578 589
582 590
583 591
584 592
588 597
593 598
594 599
595 600
596 601
602 603
27 604
605 608
606 609
607 610
611 612
614 617
613 618
615 620
616 621
619 625
622 626
623 627
624 628
629 630
632 639
633 640
634 641
635 643
636 644
637 645
638 646
642 651
647 652
648 653
649 654
650 655
656 657
659 666
660 667
661 668
662 670
663 671
664 672
665 673
669 678
674 679
675 680
676 681
677 682
683 684
686 693
687 694
688 695
689 697
690 698
691 699
692 700
696 705
701 706
702 707
703 708
704 709
710 711
713 720
714 721
715 722
716 724
717 725
718 726
719 727
723 732
728 733
729 734
730 735
731 736
737 738
739 743
740 744
741 745
309 747
742 748
746 753
750 754
751 755
749 756
752 757
758 759
761 768
762 769
763 770
764 772
765 773
766 774
767 775
771 780
776 781
777 782
778 783
779 784
785 786
788 795
789 796
790 797
791 799
792 800
793 801
794 802
798 807
803 808
804 809
805 810
806 811
812 813
815 820
816 821
817 822
814 824
818 825
819 827
823 831
828 832
826 833
829 834
830 835
836 837
839 846
840 847
841 848
842 850
843 851
844 852
845 853
849 858
854 859
855 860
856 861
857 862
863 864
865 869
866 870
867 872
868 873
871 877
874 878
875 879
876 880
881 882
884 891
885 892
886 893
887 895
888 896
889 897
890 898
894 903
899 904
900 905
901 906
902 907
908 909
911 918
912 919
913 920
914 922
915 923
916 924
917 925
921 930
926 931
927 932
928 933
929 934
935 936
938 945
939 946
940 947
941 949
942 950
943 951
944 952
948 957
953 958
954 959
955 960
956 961
962 963
965 972
966 973
967 974
968 976
969 977
970 978
971 979
975 984
980 985
981 986
982 987
983 988
989 990
992 999
993 1000
994 1001
995 1003
996 1004
997 1005
998 1006
1002 1011
1007 1012
1008 1013
1009 1014
1010 1015
1016 1017
1019 1022
1018 1023
1020 1025
1021 1026
1024 1030
1027 1031
1028 1032
1029 1033
1034 1035
1037 1044
1038 1045
1039 1046
1040 1048
1041 1049
1042 1050
1043 1051
1047 1056
1052 1057
1053 1058
1054 1059
1055 1060
1061 1062
1064 1071
1065 1072
1066 1073
1067 1075
1068 1076
1069 1077
1070 1078
1074 1083
1079 1084
1080 1085
1081 1086
1082 1087
1088 1089
1090 1096
1091 1097
1092 1099
1093 1100
1094 1101
1095 1102
1098 1107
1103 1108
1104 1109
1105 1110
1106 1111
1112 1113
1115 1122
1116 1123
1117 1124
1118 1126
1119 1127
1120 1128
1121 1129
1125 1134
1130 1135
1131 1136
1132 1137
1133 1138
1139 1140
1142 1145
1143 1146
1144 1147
1141 1149
1148 1153
1150 1154
1151 1155
1152 1156
1157 1158
1160 1167
1161 1168
1162 1169
1163 1171
1164 1172
1165 1173
1166 1174
1170 1179
1175 1180
1176 1181
1177 1182
1178 1183
1184 1185
1187 1194
1188 1195
1189 1196
1190 1198
1191 1199
1192 1200
1193 1201
1197 1206
1202 1207
1203 1208
1204 1209
1205 1210
1211 1212
1214 1221
1215 1222
1216 1223
1217 1225
1218 1226
1219 1227
1220 1228
1224 1233
1229 1234
1230 1235
1231 1236
1232 1237
1238 1239
1240 1244
470 1245
1241 1246
1242 1248
937 1249
1243 1250
1247 1255
1251 1256
1252 1257
1253 1258
1254 1259
1260 1261
1262 1264
1263 1265
1266 1269
1267 1270
1268 1271
1272 1273
1274 1278
1275 1279
1276 1281
1277 1282
1280 1286
1283 1287
1284 1288
1285 1289
1290 1291
1293 1300
1294 1301
1295 1302
1296 1304
1297 1305
1298 1306
1299 1307
1303 1312
1308 1313
1309 1314
1310 1315
1311 1316
1317 1318
1320 1323
1319 1324
631 1325
1321 1327
1322 1328
1326 1333
1329 1334
1330 1335
1331 1336
1332 1337
1338 1339
1341 1348
1342 1349
1343 1350
1344 1352
1345 1353
1346 1354
1347 1355
1351 1360
1356 1361
1357 1362
1358 1363
1359 1364
1365 1366
1367 1371
1368 1372
1369 1373
1370 1374
1375 1379
1376 1380
1377 1381
1378 1382
1383 1384
1386 1393
1387 1394
1388 1395
1389 1397
1390 1398
1391 1399
1392 1400
1396 1405
1401 1406
1402 1407
1403 1408
1404 1409
1410 1411
1412 1416
1413 1417
1414 1419
1415 1420
1418 1424
1421 1425
1422 1426
1423 1427
1428 1429
1431 1434
1430 1435
1432 1437
1433 1438
1436 1442
1439 1443
1440 1444
1441 1445
1446 1447
1449 1455
1450 1456
1451 1457
1452 1459
1453 1460
1454 1461
1448 1462
1458 1467
1463 1468
1464 1469
1465 1470
1466 1471
1472 1473
1474 1478
1186 1479
1475 1480
1476 1482
1477 1483
1481 1488
1484 1489
1485 1490
1486 1491
1487 1492
1493 1494
1496 1503
1497 1504
1498 1505
1499 1507
1500 1508
1501 1509
1502 1510
1506 1515
1511 1516
1512 1517
1513 1518
1514 1519
1520 1521
1522 1526
1523 1527
1524 1529
1525 1530
1528 1534
1531 1535
1532 1536
1533 1537
1538 1539
1541 1548
1542 1549
1543 1550
1544 1552
1545 1553
1546 1554
1547 1555
1551 1560
1556 1561
1557 1562
1558 1563
1559 1564
1565 1566
1567 1570
443 1572
1568 1573
1569 1575
1571 1579
1576 1580
1574 1581
1577 1582
1578 1583
1584 1585
1587 1594
1588 1595
1589 1596
1590 1598
1591 1599
1592 1600
1593 1601
1597 1606
1602 1607
1603 1608
1604 1609
1605 1610
1611 1612
1614 1621
1615 1622
1616 1623
1617 1625
1618 1626
1619 1627
1620 1628
1624 1633
1629 1634
1630 1635
1631 1636
1632 1637
1638 1639
1640 1642
1641 1644
1643 1647
1645 1648
1646 1649
1650 1651
1652 1656
1653 1657
1654 1659
1655 1660
1658 1664
1661 1665
1662 1666
1663 1667
1668 1669
1671 1678
1672 1679
1673 1680
1674 1682
1675 1683
1676 1684
1677 1685
1681 1690
1686 1691
1687 1692
1688 1693
1689 1694
1695 1696
1698 1705
1699 1706
1700 1707
1701 1709
1702 1710
1703 1711
1704 1712
1708 1717
1713 1718
1714 1719
1715 1720
1716 1721
1722 1723
1725 1730
1726 1731
1727 1732
1724 1734
1728 1736
1729 1737
1733 1741
1735 1742
1738 1743
1739 1744
1740 1745
1746 1747
1748 1752
1749 1753
1750 1755
1751 1756
1754 1760
1757 1761
1758 1762
1759 1763
1764 1765
1767 1771
1766 1772
1768 1773
497 1775
787 1776
1769 1777
1770 1778
1774 1783
1779 1784
1780 1785
1781 1786
1782 1787
1788 1789
1791 1798
1792 1799
1793 1800
1794 1802
1795 1803
1796 1804
1797 1805
1801 1810
1806 1811
1807 1812
1808 1813
1809 1814
1815 1816
1817 1824
1818 1825
1819 1826
1820 1828
1821 1829
1822 1830
1823 1831
1827 1836
1832 1837
1833 1838
1834 1839
1835 1840
1841 1842
1843 1847
1844 1848
1845 1850
1846 1851
1849 1855
1852 1856
1853 1857
1854 1858
1859 1860
1861 1863
1862 1864
1865 1866
1868 1875
1869 1876
1870 1877
1871 1879
1872 1880
1873 1881
1874 1882
1878 1887
1883 1888
1884 1889
1885 1890
1886 1891
1892 1893
1895 1901
1896 1902
1894 1903
1897 1905
1898 1906
1899 1907
1900 1908
1904 1913
1909 1914
1910 1915
1911 1916
1912 1917
1918 1919
1921 1926
1922 1927
1920 1928
1923 1930
1924 1931
1925 1932
1929 1937
1933 1938
1934 1939
1935 1940
1936 1941
1942 1943
1944 1951
1945 1952
1946 1953
1947 1955
1948 1956
1949 1957
1950 1958
1954 1963
1959 1964
1960 1965
1961 1966
1962 1967
1968 1969
1971 1973
1972 1974
1970 1975
1976 1980
1978 1981
1979 1982
1977 1983
1984 1985
1986 1988
1987 1989
1990 1994
1993 1995
1992 1996
1991 1997
1998 1999
2001 2008
2002 2009
2003 2010
2004 2012
2005 2013
2006 2014
2007 2015
2011 2020
2016 2021
2017 2022
2018 2023
2019 2024
2025 2026
2027 2032
2028 2033
2029 2034
2030 2036
2031 2037
1613 2038
2035 2043
2040 2044
2041 2045
2042 2046
2039 2047
2048 2049
2050 2054
2051 2055
2052 2056
2053 2057
2058 2062
2059 2063
2060 2064
2061 2065
2066 2067
2069 2074
2070 2075
2071 2076
2068 2078
2072 2079
2073 2081
2077 2085
2082 2086
2080 2087
2083 2088
2084 2089
2090 2091
2093 2100
2094 2101
2095 2102
2096 2104
2097 2105
2098 2106
2099 2107
2103 2112
2108 2113
2109 2114
2110 2115
2111 2116
2117 2118
2120 2125
2121 2126
2122 2127
2123 2129
2119 2130
2124 2131
2128 2136
2133 2137
2134 2138
2132 2139
2135 2140
2141 2142
2143 2146
2144 2147
2145 2148
2149 2153
2150 2154
2151 2155
2152 2156
2157 2158
2160 2161
2159 2162
1670 2163
1159 2165
2164 2169
2166 2170
2167 2171
2168 2172
2173 2174
261 2178
180 2179
2175 2181
2176 2182
2177 2183
2180 2188
2184 2189
2185 2190
2186 2191
2187 2192
2193 2194
2195 2197
2196 2201
2199 2202
2200 2203
2198 2204
2205 2206
2207 2209
2208 2210
1385 2212
2211 2216
2213 2217
2214 2218
2215 2219
2220 2221
2222 2225
2223 2226
2227 2232
2229 2233
2230 2234
2231 2235
2236 2237
2239 2245
2240 2246
2241 2247
2238 2249
2242 2250
2243 2251
2244 2252
2248 2257
2253 2258
2254 2259
2255 2260
2256 2261
2262 2263
2265 2268
2266 2269
2267 2270
2264 2272
2271 2278
2273 2279
2276 2280
2277 2281
2275 2282
2283 2284
2286 2293
2287 2294
2288 2295
2289 2297
2290 2298
2291 2299
2292 2300
2296 2305
2301 2306
2302 2307
2303 2308
2304 2309
2310 2311
2313 2318
2312 2319
2314 2320
2315 2322
2316 2323
2317 2325
2321 2330
2326 2331
2327 2332
2328 2333
2329 2334
2335 2336
2337 2338
1292 2339
910 2341
2340 2345
2342 2346
2343 2347
2344 2348
2349 2350
2352 2359
2353 2360
2354 2361
2355 2363
2356 2364
2357 2365
2358 2366
2362 2371
2367 2372
2368 2373
2369 2374
2370 2375
2376 2377
2378 2380
2379 2381
838 2383
2382 2387
2385 2388
2386 2389
2384 2390
2391 2392
2393 2396
2394 2398
2395 2399
2397 2403
2400 2404
2401 2405
2402 2406
2407 2408
2409 2415
2410 2416
2411 2418
2412 2419
2413 2420
2414 2421
2417 2426
2422 2427
2423 2428
2424 2429
2425 2430
2431 2432
2434 2439
2435 2440
2436 2441
2433 2443
2437 2444
2438 2446
2442 2450
2447 2451
2445 2452
2448 2453
2449 2454
2455 2456
2457 2461
2458 2462
2459 2464
2460 2465
2463 2469
2466 2470
2467 2471
2468 2472
2473 2474
2476 2479
2475 2480
2477 2482
1213 2483
2478 2484
2481 2489
2486 2490
2487 2491
2485 2492
2488 2493
2494 2495
2496 2499
2497 2500
2498 2501
2502 2506
2503 2507
2504 2508
2505 2509
2510 2511
2512 2519
2513 2520
2514 2521
2515 2523
2516 2524
2517 2525
2518 2526
2522 2531
2527 2532
2528 2533
2529 2534
2530 2535
2536 2537
2538 2540
2539 2543
2541 2546
2542 2547
2544 2548
2545 2549
2550 2551
2552 2556
2553 2557
2554 2560
2555 2561
2558 2565
2559 2566
2562 2567
2563 2568
2564 2569
2570 2571
2572 2574
2573 2575
658 2576
2577 2583
2580 2584
2581 2585
2582 2586
2579 2587
2588 2589
2591 2596
2592 2597
2590 2598
2593 2600
2594 2601
2595 2602
2599 2607
2603 2608
2604 2609
2605 2610
2606 2611
2612 2613
2614 2618
2615 2619
1340 2621
2616 2623
2617 2624
2620 2628
2622 2629
2625 2630
2626 2631
2627 2632
2633 2634
2635 2638
2636 2640
2637 2641
2639 2645
2642 2646
2643 2647
2644 2648
2649 2650
2652 2657
2651 2658
2653 2659
2654 2661
2655 2662
2656 2663
2660 2668
2664 2669
2665 2670
2666 2671
2667 2672
2673 2674
2675 2678
2676 2679
2677 2680
2681 2687
2682 2688
2685 2689
2686 2690
2684 2691
2692 2693
2695 2697
2694 2698
2696 2699
2700 2701
2702 2705
1036 2707
2704 2711
2708 2712
2706 2713
2709 2714
2710 2715
2716 2717
2718 2722
2719 2723
2720 2725
2721 2726
2724 2730
2727 2731
2728 2732
2729 2733
2734 2735
2737 2744
2738 2745
2739 2746
2740 2748
2741 2749
2742 2750
2743 2751
2747 2756
2752 2757
2753 2758
2754 2759
2755 2760
2761 2762
336 2763
2764 2767
2765 2768
2766 2769
2770 2771
2772 2774
2775 2778
2776 2779
2777 2780
2781 2782
2783 2786
363 2787
2784 2789
2785 2790
2788 2794
2791 2795
2792 2796
2793 2797
2798 2799
2800 2806
2801 2807
2802 2809
2803 2810
2804 2811
2805 2812
2808 2817
2813 2818
2814 2819
2815 2820
2816 2821
2822 2823
2824 2825
2826 2829
2828 2830
2827 2831
2832 2833
2834 2840
2835 2841
2836 2842
712 2844
2837 2845
2838 2846
2839 2847
2843 2852
2848 2853
2849 2854
2850 2855
2851 2856
2857 2858
2860 2865
2859 2866
2861 2868
2862 2869
2863 2870
2864 2871
2867 2876
2872 2877
2873 2878
2874 2879
2875 2880
2881 2882
2883 2887
2736 2888
2884 2890
2885 2891
2886 2892
2889 2897
2893 2898
2894 2899
2895 2900
2896 2901
2902 2903
2904 2906
2905 2907
2908 2911
2909 2912
2910 2913
2914 2915
2917 2922
2918 2923
2919 2924
2916 2926
2920 2927
2921 2929
2925 2933
2930 2934
2928 2935
2931 2936
2932 2937
2938 2939
2940 2946
2941 2947
2942 2949
2943 2950
2944 2951
2945 2952
2948 2957
2953 2958
2954 2959
2955 2960
2956 2961
2962 2963
2964 2968
2965 2970
2966 2971
2967 2972
2969 2977
2973 2978
2974 2979
2975 2980
2976 2981
2982 2983
2985 2988
2986 2989
2987 2990
2991 2992
2993 2997
2994 2998
2995 3000
2996 3001
2999 3005
3002 3006
3003 3007
3004 3008
3009 3010
2285 3011
3012 3015
3013 3016
3014 3017
3018 3019
1867 3022
3020 3023
3021 3025
3024 3029
3026 3030
3027 3031
3028 3032
3033 3034
3036 3039
3037 3040
3038 3041
3035 3043
3042 3047
3044 3048
3045 3049
3046 3050
3051 3052
3053 3057
3054 3058
3055 3059
3056 3060
3061 3065
3062 3066
3063 3067
3064 3068
3069 3070
126 3073
3071 3075
3072 3076
3074 3080
3077 3081
3078 3082
3079 3083
3084 3085
3086 3093
3087 3094
3088 3095
3092 3100
3096 3101
3097 3102
3098 3103
3099 3104
3105 3106
3108 3112
3109 3113
3107 3114
207 3116
3110 3118
3111 3119
3115 3123
3117 3124
3120 3125
3121 3126
3122 3127
3128 3129
3130 3132
991 3133
3131 3134
964 3137
3135 3141
3139 3142
3136 3143
3138 3144
3140 3145
3146 3147
3149 3150
3148 3151
1697 3153
3152 3158
3154 3159
3155 3160
3156 3161
3157 3162
3163 3164
3166 3171
3167 3172
3168 3173
3169 3175
3170 3176
3165 3177
3174 3182
3179 3183
3180 3184
3181 3185
3178 3186
3187 3188
3190 3195
3189 3196
3191 3197
3192 3199
3193 3200
3194 3201
3198 3206
3202 3207
3203 3208
3204 3209
3205 3210
3211 3212
3213 3217
3214 3218
3215 3220
3216 3221
3219 3225
3222 3226
3223 3227
3224 3228
3229 3230
3232 3239
3233 3240
3234 3241
3235 3243
3236 3244
3237 3245
3238 3246
3242 3251
3247 3252
3248 3253
3249 3254
3250 3255
3256 3257
3258 3259
3260 3262
3261 3263
3264 3265
3266 3269
3267 3271
3268 3272
3270 3276
3273 3277
3274 3278
3275 3279
3280 3281
3282 3286
3283 3287
3284 3289
3285 3290
3288 3294
3291 3295
3292 3296
3293 3297
3298 3299
3301 3305
3300 3306
3302 3307
3303 3309
3304 3310
3308 3316
3312 3317
3313 3318
3314 3319
3315 3320
3321 3322
3324 3331
3325 3332
3326 3333
3327 3335
3328 3336
3329 3337
3330 3338
3334 3343
3339 3344
3340 3345
3341 3346
3342 3347
3348 3349
1586 3350
3351 3354
3352 3355
3353 3356
3357 3358
3359 3361
3360 3365
3363 3370
3368 3371
3366 3372
3369 3373
3367 3374
3375 3376
3377 3379
3378 3381
3380 3384
3382 3385
3383 3386
3387 3388
3389 3390
3391 3394
3392 3395
3393 3396
3397 3398
3399 3402
3400 3404
3401 3409
3406 3410
3407 3411
3405 3412
3408 3413
3414 3415
3416 3421
3417 3422
3418 3424
3419 3425
1063 3426
3420 3427
3423 3432
3428 3433
3429 3434
3430 3435
3431 3436
3437 3438
3440 3441
3439 3442
390 3444
3443 3448
3445 3449
3446 3450
3447 3451
3452 3453
3454 3459
3455 3461
3456 3462
3457 3463
3458 3464
3460 3469
3465 3470
3466 3471
3467 3472
3468 3473
3474 3475
3476 3479
1790 3480
3477 3482
3478 3483
3481 3487
3484 3488
3485 3489
3486 3490
3491 3492
3493 3495
3494 3496
3497 3500
3498 3501
3499 3502
3503 3504
3090 3507
3505 3508
3506 3509
3510 3511
3513 3520
3514 3521
3515 3522
3516 3524
3517 3525
3518 3526
3519 3527
3523 3532
3528 3533
3529 3534
3530 3535
3531 3536
3537 3538
3539 3542
883 3543
3541 3547
3544 3548
3545 3549
3546 3550
3551 3552
3553 3554
3555 3557
3556 3558
3560 3561
3563 3568
3564 3569
3562 3570
3565 3572
3566 3573
3567 3574
3571 3580
3576 3581
3577 3582
3578 3583
3579 3584
3585 3586
3587 3593
3588 3594
3589 3596
3590 3597
3591 3598
3592 3599
3595 3604
3600 3605
3601 3606
3602 3607
3603 3608
3609 3610
3611 3612
3614 3616
3615 3617
3613 3618
3619 3620
3323 3623
3621 3624
3622 3626
3625 3630
3627 3631
3628 3632
3629 3633
3634 3635
3636 3638
3637 3640
3639 3643
3641 3644
3642 3645
3646 3647
3648 3649
3650 3653
3651 3654
3652 3655
3656 3657
3659 3664
3660 3665
3661 3666
3658 3668
3662 3669
3663 3671
3667 3675
3672 3676
3670 3677
3673 3678
3674 3679
3680 3681
3682 3685
3683 3686
3684 3689
3688 3695
3692 3696
3693 3697
3690 3698
3694 3699
3700 3701
3702 3705
3703 3706
3704 3707
3708 3709
3710 3713
3711 3715
3712 3716
3714 3720
3717 3721
3718 3722
3719 3723
3724 3725
3727 3728
3726 3729
3730 3731
3733 3736
3734 3737
3735 3738
3739 3740
3742 3748
3743 3749
3744 3750
3745 3752
3746 3753
3747 3754
3741 3755
3751 3760
3756 3761
3757 3762
3758 3763
3759 3764
3765 3766
3767 3770
3768 3771
3769 3772
3773 3774
3776 3778
3777 3779
3775 3780
234 3782
3781 3786
3783 3787
3784 3788
3785 3789
3790 3791
3792 3795
3793 3798
3794 3800
3797 3804
3801 3805
3802 3806
3799 3807
3803 3808
3809 3810
3811 3814
3812 3815
3813 3818
3816 3824
3821 3825
3819 3826
3822 3827
3823 3828
3829 3830
54 3831
3832 3835
3833 3836
3834 3837
3838 3839
3841 3844
3842 3845
3843 3846
3840 3848
3847 3852
3849 3853
3850 3854
3851 3855
3856 3857
3858 3861
3859 3862
3860 3864
3863 3868
3866 3869
3867 3870
3865 3871
3872 3873
3875 3880
3874 3881
3876 3882
3877 3884
3878 3885
3879 3886
3883 3891
3887 3892
3888 3893
3889 3894
3890 3895
3896 3897
3898 3901
3899 3904
3900 3905
3903 3909
3906 3910
3907 3911
3908 3912
3913 3914
3915 3921
3916 3922
3917 3924
3918 3925
3919 3926
3920 3927
3923 3932
3928 3933
3929 3934
3930 3935
3931 3936
3937 3938
3939 3940
1495 3943
3942 3947
3944 3948
3945 3949
3946 3950
3951 3952
99 3955
3953 3956
3958 3961
3959 3962
3957 3963
3960 3964
3965 3966
3967 3971
3968 3972
3970 3976
3973 3977
3974 3978
3975 3979
3980 3981
2092 3982
3983 3986
3984 3987
3985 3988
3989 3990
3991 3993
3992 3994
3995 3998
3996 3999
3997 4000
4001 4002
4003 4007
4004 4008
4005 4010
4006 4011
4009 4015
4012 4016
4013 4017
4014 4018
4019 4020
4021 4022
3732 4023
4024 4025
4026 4030
4027 4031
4028 4032
4029 4033
4034 4038
4035 4039
4036 4040
4037 4041
4042 4043
4044 4048
4045 4050
4046 4052
4047 4053
4051 4058
4054 4059
4055 4060
4056 4061
4057 4062
4063 4064
4066 4071
4067 4072
4068 4073
4065 4075
4069 4076
4070 4078
4074 4082
4079 4083
4077 4084
4080 4085
4081 4086
4087 4088
4089 4092
4090 4093
4091 4095
4094 4099
4097 4100
4096 4101
4098 4102
4103 4104
4105 4108
4106 4109
4110 4113
4107 4114
4111 4115
4112 4116
4117 4118
4121 4123
4120 4124
4122 4125
4126 4127
4128 4131
4129 4132
4130 4134
4133 4138
4136 4139
4135 4140
4137 4141
4142 4143
4144 4146
3231 4147
4145 4149
4148 4153
4150 4154
4151 4155
4152 4156
4157 4158
4159 4162
4160 4164
4161 4168
4165 4172
4167 4173
4169 4174
4170 4175
4171 4176
4177 4178
4179 4185
4180 4186
4181 4187
4184 4192
4188 4193
4189 4194
4190 4195
4191 4196
4197 4198
4199 4202
4200 4204
4201 4205
4203 4209
4206 4210
4207 4211
4208 4212
4213 4214
4215 4221
4216 4222
4217 4224
4218 4225
4219 4226
4220 4227
4223 4232
4228 4233
4229 4234
4230 4235
4231 4236
4237 4238
4239 4241
4240 4242
4243 4247
4244 4248
4245 4249
4246 4250
4251 4252
4253 4257
4254 4258
4255 4260
4256 4261
4259 4265
4262 4266
4263 4267
4264 4268
4269 4270
4271 4277
4272 4278
4275 4282
4276 4283
4279 4284
4280 4285
4281 4286
4287 4288
4289 4291
4290 4292
4293 4296
4294 4297
4295 4298
4299 4300
4302 4307
4303 4308
4304 4309
4305 4311
4301 4312
4306 4313
4310 4318
4315 4319
4316 4320
4314 4321
4317 4322
4323 4324
2000 4326
4325 4328
4327 4331
4329 4332
4330 4333
4334 4335
4337 4339
4336 4340
4338 4341
4342 4343
4346 4347
4344 4348
4345 4349
3091 4350
4351 4352
4353 4358
4354 4359
4355 4361
4356 4362
4357 4363
4360 4368
4364 4369
4365 4370
4366 4371
4367 4372
4373 4374
4375 4380
4376 4383
4377 4384
4378 4385
4379 4386
4382 4391
4387 4392
4388 4393
4389 4394
4390 4395
4396 4397
4399 4402
4401 4403
4400 4404
4398 4405
4406 4407
4408 4410
4409 4412
4411 4415
4413 4416
4414 4417
4418 4419
4420 4423
4421 4424
4422 4425
4426 4427
4429 4433
4428 4434
4430 4436
4431 4437
4432 4438
4435 4443
4439 4444
4440 4445
4441 4446
4442 4447
4448 4449
4450 4451
4453 4458
4455 4459
4456 4460
4457 4461
4462 4463
3512 4468
4464 4469
4465 4471
4466 4472
1540 4473
4467 4474
4470 4479
4475 4480
4476 4481
4477 4482
4478 4483
4484 4485
4487 4490
4488 4491
4489 4492
4486 4494
4493 4500
4495 4501
4498 4502
4499 4503
4497 4504
4505 4506
4507 4510
4508 4512
4509 4513
4511 4518
4515 4519
4516 4520
4514 4521
4517 4522
4523 4524
3817 4526
4525 4527
4528 4529
4530 4534
4531 4535
4532 4537
4533 4538
4536 4542
4539 4543
4540 4544
4541 4545
4546 4547
4548 4549
685 4550
4551 4555
4553 4556
4554 4557
4552 4558
4559 4560
4561 4565
4562 4566
4564 4570
4567 4571
4568 4572
4569 4573
4574 4575
4576 4578
4577 4579
4580 4583
4581 4584
4582 4585
4586 4587
4588 4594
4589 4595
4590 4597
4591 4598
4592 4599
4593 4600
4596 4605
4601 4606
4602 4607
4603 4608
4604 4609
4610 4611
4612 4613
4615 4618
4616 4619
4617 4620
4621 4622
4623 4627
4624 4628
4625 4630
4626 4631
4629 4635
4632 4636
4633 4637
4634 4638
4639 4640
4641 4646
4642 4647
4643 4649
4644 4651
4648 4655
4652 4656
4650 4657
4653 4658
4654 4659
4660 4661
4662 4664
4663 4666
4667 4674
4671 4675
4672 4676
4673 4677
4670 4678
4679 4680
4681 4684
4682 4685
4683 4686
4687 4691
4688 4692
4689 4693
4690 4694
4695 4696
4698 4699
4697 4700
4702 4707
4704 4708
4703 4709
4705 4710
4706 4711
4712 4713
4714 4716
760 4717
4715 4718
4720 4723
4721 4724
4719 4725
4722 4726
4727 4728
4729 4733
4730 4735
4732 4740
4737 4741
4738 4742
4736 4743
4739 4744
4745 4746
4747 4751
4750 4754
4748 4755
4752 4756
4753 4757
4758 4759
4760 4764
4761 4765
4762 4768
4766 4772
4767 4773
4770 4774
4769 4775
4771 4776
4777 4778
4779 4782
4780 4783
4781 4784
1114 4786
4785 4793
4790 4794
4788 4795
4791 4796
4792 4797
4798 4799
4800 4802
4801 4806
4804 4811
4805 4812
4808 4813
4809 4814
4810 4815
4816 4817
4818 4820
4819 4822
4821 4826
4823 4827
4824 4828
4825 4829
4830 4831
4833 4834
4832 4835
2351 4836
4837 4843
4839 4844
4842 4845
4841 4846
4840 4847
4848 4849
4850 4852
4853 4858
4856 4859
4857 4860
4855 4861
4854 4862
4863 4864
4865 4866
4867 4870
4869 4871
4868 4872
4873 4874
4875 4876
4877 4881
4879 4882
4880 4883
4878 4884
4885 4886
4887 4891
4888 4893
4889 4895
4890 4896
4894 4901
4897 4902
4898 4903
4899 4904
4900 4905
4906 4907
4908 4910
4909 4912
4911 4915
4913 4916
4914 4917
4918 4919
4921 4926
4922 4927
4923 4928
4924 4930
4925 4931
4920 4932
4929 4937
4934 4938
4935 4939
4936 4940
4933 4941
4942 4943
4944 4945
4563 4948
4946 4949
4947 4950
4951 4952
4953 4954
4956 4958
4955 4959
4957 4960
4961 4962
4963 4966
4964 4967
4965 4969
4968 4976
4973 4977
4974 4978
4972 4979
4975 4980
4981 4982
4984 4987
4985 4988
4986 4989
4983 4991
4990 4995
4992 4996
4993 4997
4994 4998
4999 5000
5001 5003
524 5004
5002 5008
5006 5012
5007 5013
5009 5014
5010 5015
5011 5016
5017 5018
5019 5020
5022 5025
5023 5026
5024 5027
5021 5028
5029 5030
5031 5034
5033 5035
5032 5036
5037 5038
5039 5043
5040 5045
5041 5046
5044 5050
5047 5051
5048 5052
5049 5053
5054 5055
5056 5058
5059 5061
5057 5062
5060 5063
5064 5065
5066 5067
4787 5068
5069 5070
5071 5076
5072 5077
5073 5080
5074 5081
5075 5082
5078 5087
5083 5088
5084 5089
5085 5090
5086 5091
5092 5093
5095 5096
5094 5097
4668 5098
5099 5100
5101 5105
5103 5110
5108 5111
5106 5112
5109 5113
5107 5114
5115 5116
5118 5121
5117 5122
5119 5124
5120 5125
5123 5129
5126 5130
5127 5131
5128 5132
5133 5134
5135 5141
5136 5142
5138 5146
5140 5147
5143 5148
5144 5149
5145 5150
5151 5152
5154 5157
5155 5158
5156 5159
5160 5161
5162 5164
5163 5165
5166 5167
5170 5171
5169 5172
5168 5173
5174 5175
4749 5178
5176 5179
5177 5180
5181 5182
5183 5184
5185 5188
5186 5189
5187 5190
4119 5191
5192 5193
5194 5196
5195 5197
5198 5203
5201 5204
5202 5205
5200 5206
5207 5208
5210 5213
5211 5214
5212 5215
5209 5217
5216 5221
5218 5222
5219 5223
5220 5224
5225 5226
5227 5228
5229 5231
5230 5232
5233 5234
5236 5238
5237 5239
5235 5240
5241 5242
5244 5245
5243 5246
5247 5248
5249 5251
5250 5252
5253 5254
5255 5259
5256 5260
5257 5261
5258 5262
5263 5267
5264 5268
5265 5269
5266 5270
5271 5272
5273 5274
5275 5277
5276 5278
5279 5280
5281 5286
5282 5287
5283 5289
5284 5290
5285 5291
5288 5296
5292 5297
5293 5298
5294 5299
5295 5300
5301 5302
5304 5306
5303 5307
5305 5308
5309 5310
5312 5316
5314 5317
5315 5318
5313 5319
5320 5321
5322 5323
5324 5327
5326 5328
5325 5329
5330 5331
5334 5336
5333 5337
5335 5338
5339 5340
5342 5345
5343 5346
5344 5347
5348 5349
5351 5353
5350 5354
5352 5355
5356 5357
5358 5360
5361 5366
5364 5367
5363 5368
5365 5369
5370 5371
5372 5373
5374 5376
5375 5377
5378 5379
5380 5383
5381 5385
5382 5386
5387 5391
5388 5392
5389 5393
5390 5394
5395 5396
5397 5402
5398 5403
5399 5404
5401 5409
5405 5410
5406 5411
5407 5412
5408 5413
5414 5415
5416 5418
5419 5422
5420 5423
5421 5424
5425 5426
5427 5430
5428 5431
5429 5432
5433 5434
3403 5435
5362 5436
5437 5438
5439 5442
5440 5443
5441 5446
5444 5450
5447 5451
5448 5452
5449 5453
5454 5455
5456 5461
5458 5462
5459 5463
5460 5464
5465 5466
5467 5470
5469 5473
5471 5474
5472 5475
5468 5476
5477 5478
3691 5479
5480 5481
5482 5484
5483 5485
5486 5489
5487 5490
5488 5491
5492 5493
5494 5496
5495 5497
5498 5503
5501 5504
5500 5505
5502 5506
5507 5508
5510 5512
5511 5513
5509 5514
5515 5519
5517 5520
5518 5521
5516 5522
5523 5524
5525 5529
5528 5532
5530 5533
5531 5534
5527 5535
5536 5537
5539 5540
5538 5541
5542 5543
5544 5545
5547 5552
5549 5553
5550 5554
5551 5555
5556 5557
5558 5561
5559 5562
5563 5567
5560 5568
5564 5569
5566 5570
5565 5571
5572 5573
5574 5578
5575 5579
5576 5580
5577 5581
5582 5583
5584 5585
5586 5589
5587 5590
5588 5591
5592 5593
5595 5596
5594 5597
3089 5598
5599 5600
5601 5602
5603 5604
5607 5609
5608 5610
5605 5611
5606 5612
5613 5614
5615 5619
5616 5620
5617 5622
5618 5623
5621 5627
5624 5628
5625 5629
5626 5630
5631 5632
5633 5635
5634 5636
5637 5638
5639 5640
5641 5644
5642 5645
5643 5646
5647 5648
5649 5652
5650 5653
5651 5654
5655 5656
5657 5659
5658 5660
5661 5664
5662 5665
5663 5666
5079 5667
5668 5669
5671 5674
5673 5675
5672 5676
5670 5677
5678 5679
5680 5683
5681 5684
5682 5685
5686 5687
5688 5690
4838 5691
5689 5692
5693 5694
5695 5696
3687 5697
2228 5698
5699 5700
5701 5703
5702 5704
5705 5710
5708 5711
5707 5712
5709 5713
5714 5715
5716 5718
5717 5719
5720 5723
5721 5724
5722 5725
5726 5727
5728 5730
5729 5732
5731 5735
5733 5736
5734 5737
5738 5739
5740 5741
2773 5742
5743 5744
5746 5749
5747 5750
5748 5751
5745 5752
5753 5754
5755 5757
5756 5758
5759 5760
5763 5764
5761 5765
5762 5766
5102 5767
5768 5769
5770 5773
5771 5775
5774 5779
5776 5780
5777 5781
5778 5782
5783 5784
5785 5789
5787 5792
5790 5793
5788 5794
5791 5795
5786 5796
5797 5798
5799 5800
5801 5802
5803 5804
2703 5805
5806 5807
5809 5811
5810 5812
5808 5813
5814 5815
5816 5817
5818 5819
5821 5826
5822 5827
5820 5828
5823 5830
5824 5831
5825 5832
5829 5838
5834 5839
5835 5840
5836 5841
5837 5842
5843 5844
5845 5847
5846 5848
5849 5852
5850 5853
5851 5854
5855 5856
5857 5858
5859 5860
5861 5863
5332 5864
5862 5865
5866 5867
5868 5869
5870 5871
5872 5874
5873 5875
5876 5879
5877 5880
5878 5881
5882 5883
5884 5886
5885 5888
5887 5891
5889 5892
5890 5893
5894 5895
5896 5897
5899 5902
5900 5903
5901 5904
5898 5905
5906 5907
5909 5913
5911 5914
5910 5915
5912 5916
5917 5918
5919 5922
5920 5924
5921 5925
5923 5929
5926 5930
5927 5931
5928 5932
5933 5934
5935 5939
5936 5940
5937 5942
5938 5943
5941 5949
5946 5950
5947 5951
5948 5952
5945 5953
5954 5955
5956 5960
5957 5961
5958 5962
5959 5963
5964 5968
5965 5969
5966 5970
5967 5971
5972 5973
2274 5976
5975 5977
5974 5978
5979 5980
5981 5982
5983 5986
5984 5987
5985 5988
5989 5990
551 5991
5992 5995
5993 5996
5994 5997
5998 5999
6002 6004
6003 6005
6001 6006
6007 6008
4701 6009
6010 6011
6012 6013
6014 6016
6017 6020
6015 6021
6018 6022
6019 6023
6024 6025
6026 6027
6028 6029
6030 6034
6032 6035
6033 6036
6037 6038
6039 6044
6040 6045
6041 6047
6042 6048
6043 6049
6046 6054
6050 6055
6051 6056
6052 6057
6053 6058
6059 6060
6061 6062
6063 6064
6065 6067
6066 6068
6069 6070
6071 6072
6073 6077
6075 6078
6074 6079
6076 6080
6081 6082
3364 6083
6084 6085
6086 6089
6088 6090
6087 6091
6092 6093
6094 6096
6095 6098
6097 6101
6099 6102
6100 6103
6104 6105
6106 6108
6107 6109
6110 6111
6113 6116
6114 6117
6115 6118
6119 6120
6122 6125
6123 6126
6124 6127
6128 6129
6130 6132
6131 6136
6133 6137
6134 6138
6135 6139
6140 6141
6143 6146
6144 6147
6145 6148
6149 6150
6151 6152
6153 6154
6156 6161
6158 6162
6159 6163
6160 6164
6165 6166
6167 6171
6170 6175
6172 6176
6173 6177
6174 6178
6179 6180
6181 6185
6182 6186
6184 6190
6187 6191
6188 6192
6189 6193
6194 6195
6196 6197
6198 6199
6201 6202
6200 6203
5400 6204
6205 6206
5104 6207
6208 6209
6210 6216
6214 6217
6215 6218
6213 6219
6212 6220
6221 6222
6223 6224
6225 6228
6226 6229
6227 6230
6231 6232
6233 6235
6234 6236
6237 6238
6239 6240
6241 6244
6242 6245
6243 6246
6247 6248
6249 6250
6251 6253
6252 6254
6255 6256
6257 6258
6259 6261
6260 6262
6263 6264
6265 6266
4892 6269
6267 6270
6268 6271
6272 6273
3311 6274
6275 6276
6277 6278
6279 6282
6280 6283
6281 6284
6285 6286
6287 6288
5457 6289
6290 6291
6292 6294
6295 6297
6293 6298
6296 6299
6300 6301
6302 6304
6303 6305
6306 6307
6308 6310
6309 6314
6311 6315
6312 6316
6313 6317
6318 6319
6321 6322
6320 6323
6324 6325
6326 6327
6328 6329
6330 6331
6332 6334
6333 6335
6336 6339
6337 6340
6338 6341
6342 6343
6344 6347
6348 6351
6346 6352
6349 6353
6350 6354
6355 6356
6358 6361
6357 6362
6359 6364
6360 6365
6363 6369
6366 6370
6367 6371
6368 6372
6373 6374
4665 6375
6376 6377
6378 6381
6379 6382
6380 6386
6383 6387
6384 6388
6385 6389
6390 6391
6392 6393
6394 6396
6395 6397
6398 6399
6401 6403
6400 6404
4452 6405
6402 6406
6407 6408
6410 6415
6413 6416
6412 6417
6414 6418
6419 6420
6423 6425
6422 6426
6424 6427
6428 6429
6431 6432
6434 6437
6435 6438
6436 6439
6440 6441
6443 6445
6444 6446
6447 6448
6449 6450
6452 6457
6454 6458
6453 6459
6455 6460
6456 6461
6462 6463
6465 6468
6466 6469
6467 6470
6471 6472
4789 6473
6474 6475
6477 6479
6478 6480
6476 6481
6482 6483
6484 6486
5445 6487
6485 6488
6489 6490
6492 6494
6493 6495
6496 6497
6451 6499
6498 6500
6501 6502
6504 6507
6505 6508
6506 6509
6510 6511
6512 6514
6513 6516
6518 6521
6519 6522
6517 6523
6520 6524
6525 6526
6527 6528
6529 6530
6531 6532
6533 6534
6536 6538
6537 6539
6535 6540
6541 6542
6543 6548
6545 6551
6547 6552
6546 6553
6549 6554
6550 6555
6556 6557
6558 6559
4970 6560
6561 6562
6563 6564
6565 6568
6567 6569
6566 6570
6571 6572
6573 6574
6576 6579
6577 6580
6578 6581
6582 6583
6584 6587
6585 6588
6586 6590
6589 6594
6592 6595
6593 6596
6591 6597
6598 6599
6601 6603
6602 6604
6600 6605
6606 6610
6608 6611
6609 6612
6607 6613
6614 6615
6616 6618
6617 6619
6620 6624
6621 6625
6622 6626
6623 6627
6628 6629
6630 6631
6633 6634
6635 6637
6636 6640
6639 6646
6643 6647
6644 6648
6641 6649
6645 6650
6651 6652
6491 6654
6655 6656
6657 6659
6658 6660
3902 6661
6662 6663
4274 6665
6664 6666
6667 6668
6515 6669
6670 6671
6673 6674
6672 6675
6421 6676
6677 6678
6680 6686
6681 6687
6682 6688
6683 6690
6684 6691
6679 6692
6685 6693
6689 6698
6694 6699
6695 6700
6696 6701
6697 6702
6703 6704
6705 6707
6706 6708
6709 6710
6711 6712
6713 6714
2683 6715
6716 6717
6720 6723
6722 6724
6721 6725
6719 6726
6727 6728
6730 6731
6729 6732
6733 6734
6735 6736
6738 6740
6739 6741
6737 6742
6743 6744
6745 6746
6748 6752
6750 6753
6749 6754
6751 6755
6756 6757
6759 6762
6760 6763
6761 6764
6765 6766
6768 6769
6433 6770
6767 6771
6772 6773
6774 6775
5005 6776
6777 6778
6780 6783
6781 6784
6782 6785
6786 6787
6788 6791
6789 6792
6790 6793
6794 6798
6795 6799
6796 6800
6797 6801
6802 6803
5526 6805
6804 6807
6808 6809
6810 6813
6811 6815
6812 6816
6814 6820
6817 6821
6818 6822
6819 6823
6824 6825
6827 6830
6828 6831
6829 6832
6833 6834
6835 6836
6837 6838
6839 6841
6840 6842
6843 6847
6844 6848
6845 6849
6846 6850
6851 6852
6853 6854
6855 6856
6857 6858
6860 6862
6861 6863
6859 6864
6865 6866
6867 6868
6869 6870
6871 6873
6872 6874
6875 6878
6876 6879
6877 6880
6881 6882
6884 6887
6885 6888
6886 6889
6890 6891
6892 6894
6893 6896
6895 6899
6897 6900
6898 6901
6902 6903
6905 6907
6904 6908
6906 6909
6910 6911
6912 6914
6913 6915
6916 6917
6826 6919
6918 6920
6921 6922
6923 6926
6924 6927
6925 6928
6929 6930
6931 6933
6932 6934
6935 6936
6938 6941
6939 6942
6940 6943
6944 6945
6946 6948
6947 6949
6950 6951
6952 6953
6954 6957
6955 6958
6956 6959
6960 6961
6963 6964
6962 6965
6966 6967
6968 6969
6970 6971
6972 6974
6973 6975
6976 6977
6978 6980
4971 6981
6979 6982
6983 6984
6986 6987
6985 6988
6989 6990
6991 6992
6993 6997
6994 6998
6995 6999
6996 7000
7001 7002
7003 7005
7004 7006
7007 7008
7009 7012
7011 7013
7010 7014
7015 7016
7017 7019
7018 7020
7021 7022
7024 7025
7023 7026
7027 7028
7029 7032
7031 7036
7034 7037
7035 7038
6544 7039
7033 7040
7041 7042
7043 7044
7045 7046
6121 7047
7048 7049
7050 7052
6575 7053
7051 7054
6503 7055
7056 7057
7058 7060
7059 7061
7062 7063
7064 7068
7066 7074
7070 7075
7071 7076
7072 7077
7073 7078
7079 7080
7081 7082
7083 7085
7084 7086
7087 7088
3820 7091
7089 7092
7090 7093
7094 7095
7096 7097
7098 7100
7099 7101
7102 7103
7104 7106
7105 7107
7108 7111
7109 7112
7110 7113
7114 7115
7116 7117
6464 7118
7119 7120
7121 7122
7126 7127
7123 7128
7124 7129
7125 7130
7131 7132
7133 7135
7134 7136
7137 7138
7139 7141
7140 7144
7142 7145
7143 7146
7147 7148
4163 7149
4454 7150
7151 7152
6632 7153
7154 7155
6157 7156
6155 7157
7158 7159
7160 7161
7162 7165
7163 7166
7164 7167
7168 7169
7170 7174
7171 7175
7172 7178
7173 7179
7176 7183
7177 7184
7180 7185
7181 7186
7182 7187
7188 7189
5772 7190
7191 7192
7195 7197
7193 7198
7196 7199
7200 7201
7203 7204
7202 7205
7206 7207
7208 7210
7209 7211
7212 7215
7213 7216
7214 7217
7218 7219
7220 7221
7222 7223
6718 7224
3969 7225
4763 7226
7227 7228
7229 7231
7230 7232
7233 7234
7235 7237
7236 7238
7239 7240
7241 7242
7243 7245
7244 7246
7247 7248
7249 7250
7252 7254
7253 7255
7251 7256
7257 7258
7259 7261
7260 7263
7262 7266
7264 7267
7265 7268
7269 7270
6937 7272
7271 7273
7274 7275
5359 7277
7276 7278
7279 7280
7281 7282
7283 7284
7285 7286
4807 7287
7288 7289
7290 7291
7292 7295
7294 7296
7293 7297
7298 7299
7300 7304
7303 7305
7301 7306
7302 7307
7308 7309
7310 7311
7312 7313
7314 7316
7315 7317
7318 7319
3559 7320
7322 7324
7323 7325
7321 7326
7327 7328
7329 7331
7330 7332
7333 7334
7337 7340
7338 7341
7339 7342
7343 7344
7345 7349
7069 7350
7347 7351
7348 7352
7353 7354
7355 7356
7357 7362
7359 7363
7360 7364
7361 7365
7366 7367
7368 7370
7369 7371
7372 7373
7374 7375
7377 7378
7379 7381
7380 7382
7383 7384
7385 7387
7386 7391
7388 7392
7389 7393
7390 7394
7395 7396
7397 7398
5546 7399
7400 7401
7402 7403
7404 7405
7406 7407
5833 7408
7409 7410
7411 7414
7412 7415
7413 7416
7417 7422
7419 7423
7420 7424
7421 7425
7426 7427
7428 7429
7431 7433
7432 7434
7430 7435
7436 7437
7438 7439
6883 7442
7440 7443
7441 7444
7445 7446
7447 7448
7449 7451
7450 7452
7453 7454
6758 7455
7456 7457
7065 7458
7459 7460
6779 7461
7030 7462
7463 7464
7465 7467
7466 7469
7470 7471
7474 7477
7472 7478
7475 7479
7476 7480
7481 7482
7484 7485
7486 7490
7487 7491
7488 7492
7489 7493
7494 7495
7496 7498
7497 7499
7500 7503
7501 7504
7502 7505
7506 7507
7508 7509
7510 7514
7511 7515
7513 7516
7512 7517
7518 7519
7520 7521
7522 7523
4166 7524
7526 7527
7528 7531
7529 7532
7530 7535
7533 7538
7534 7539
7536 7540
7537 7541
7542 7543
7544 7546
6747 7547
7545 7548
7549 7550
7552 7555
7553 7556
7554 7557
7558 7559
7560 7561
7562 7563
7564 7565
7566 7568
7567 7569
7570 7571
7572 7574
7573 7575
7576 7577
7578 7579
7580 7581
7583 7587
7586 7588
7585 7589
7584 7590
7591 7592
7594 7596
7595 7597
7582 7598
7599 7600
7601 7604
7602 7605
7603 7606
7607 7608
7610 7612
7609 7613
7611 7614
7615 7616
7617 7618
7619 7620
7621 7623
7622 7624
7625 7628
7626 7629
7627 7630
7631 7632
7634 7637
7635 7638
7636 7639
7640 7641
7376 7642
7643 7644
7194 7645
5139 7646
7647 7648
7649 7650
7651 7653
7652 7654
7655 7656
4273 7657
7658 7659
7660 7662
7663 7665
7661 7666
7664 7667
7668 7669
7670 7671
7672 7673
7674 7675
7676 7677
7678 7679
3796 7680
7682 7683
7551 7684
4851 7686
7687 7688
7689 7691
7690 7692
7693 7694
4669 7696
7697 7698
5137 7699
7700 7701
6442 7702
7703 7704
7705 7709
7706 7710
7708 7714
7711 7715
7712 7716
7713 7717
7718 7719
7720 7721
7722 7724
7725 7726
7727 7728
7729 7730
7731 7733
7732 7734
7735 7736
6345 7737
7738 7739
7740 7741
7742 7744
7743 7745
7746 7747
7748 7749
7750 7752
7751 7753
7754 7755
7757 7759
7758 7760
7756 7761
7762 7763
7765 7768
7767 7769
7766 7770
7771 7772
7773 7775
7774 7776
7777 7778
7779 7780
7781 7782
7783 7784
2224 7785
7786 7787
7788 7789
7790 7792
7791 7793
7794 7797
7795 7798
7796 7799
7800 7801
7335 7802
5417 7803
7804 7805
7358 7807
7806 7808
7809 7810
7811 7815
7812 7816
7813 7817
7814 7818
7819 7820
5908 7821
4734 7822
7823 7824
7825 7826
7828 7831
7829 7832
7830 7833
7827 7834
7835 7836
7838 7841
7839 7842
7837 7843
7840 7844
7845 7846
7848 7849
7850 7853
7851 7854
7852 7855
7856 7857
5706 7858
7859 7860
7861 7862
7863 7864
7865 7866
7867 7870
7868 7871
7869 7872
7873 7874
7875 7876
7764 7877
7878 7879
7880 7882
7881 7883
7884 7885
7886 7888
7887 7889
7890 7891
3954 7893
7892 7894
7895 7896
7897 7900
7898 7901
7902 7906
7899 7907
7903 7908
7904 7909
7905 7910
7911 7912
7913 7914
7915 7916
6000 7918
7593 7919
7920 7921
7922 7925
7924 7926
7923 7927
7928 7929
7707 7930
7931 7932
7933 7934
7935 7936
7938 7939
7937 7940
7941 7942
7944 7946
3362 7947
7945 7948
7949 7950
7951 7952
7953 7954
6211 7956
7955 7957
7958 7959
7960 7961
7962 7963
7964 7965
7966 7967
7968 7969
3941 7972
7970 7973
7971 7974
7975 7976
7977 7978
7979 7981
7980 7982
7983 7986
7984 7987
7985 7988
7989 7990
7991 7992
7993 7994
7997 7998
7995 7999
7996 8000
8001 8002
8003 8006
8004 8007
8005 8011
8008 8012
8009 8013
8010 8014
8015 8016
8017 8019
8018 8020
8021 8022
8023 8024
2984 8027
8025 8028
8026 8029
8030 8031
8033 8034
8032 8035
8036 8039
8038 8040
8037 8041
8042 8043
8044 8045
8046 8047
8048 8049
7473 8050
8051 8052
7067 8053
8054 8055
8057 8058
8056 8059
8060 8061
8063 8065
8062 8066
8064 8067
8068 8069
8070 8071
7847 8072
8073 8074
8075 8077
8076 8078
8079 8080
8081 8084
8082 8085
8083 8086
8087 8088
8089 8091
8092 8093
4183 8095
8094 8096
8097 8098
8099 8101
8100 8102
8103 8104
8105 8106
8107 8108
8109 8110
8111 8113
8112 8114
8115 8116
8117 8118
8119 8120
8121 8122
8123 8125
8124 8126
8127 8128
5499 8130
8129 8131
8132 8133
8134 8135
8136 8137
8138 8139
6642 8140
8141 8142
8143 8145
8144 8146
8147 8148
8149 8150
8152 8155
8154 8156
8153 8157
8158 8159
6638 8161
8160 8162
8163 8164
8165 8166
8167 8168
8169 8170
8171 8172
8173 8174
8175 8176
8178 8179
8182 8185
8183 8186
8184 8187
8181 8188
8189 8190
8192 8194
8193 8195
5199 8196
8197 8198
8199 8201
8200 8202
8203 8204
8205 8206
7633 8207
2324 8208
8209 8210
8212 8214
8213 8215
8211 8216
8217 8218
8219 8221
8220 8222
8223 8224
8225 8226
6142 8227
6168 8228
6169 8229
8230 8231
8232 8233
8234 8235
8236 8237
5311 8238
8239 8240
4381 8241
3540 8242
8243 8244
8245 8246
8247 8248
6411 8249
8250 8251
8090 8252
8253 8254
8255 8256
8257 8258
8259 8260
8261 8263
8262 8264
8265 8268
8266 8269
8267 8270
8271 8272
8274 8275
8276 8277
8278 8279
8280 8281
8282 8283
8285 8287
8284 8288
8286 8289
8291 8292
8293 8295
8294 8296
8297 8298
8299 8300
8301 8302
8303 8304
8305 8306
8307 8308
4182 8310
8311 8312
4803 8313
8314 8315
8316 8317
8318 8320
8319 8321
8322 8323
8151 8324
2578 8325
8326 8327
8329 8330
8328 8331
8332 8333
8334 8335
8336 8337
6409 8340
8338 8341
8339 8342
8343 8344
8345 8347
8346 8348
8349 8352
8350 8353
8351 8354
8355 8356
6183 8357
7346 8358
8359 8360
8361 8362
5153 8363
8364 8365
8367 8368
8369 8370
6031 8371
8372 8373
8180 8374
5384 8375
8376 8377
8379 8380
8378 8381
8382 8383
8191 8384
4645 8385
8386 8387
8390 8392
8388 8393
8391 8394
8389 8395
8396 8397
8398 8399
8400 8401
8402 8404
8403 8405
4731 8406
8407 8408
8409 8410
8411 8414
8412 8415
8413 8416
8417 8418
7695 8419
8420 8421
8423 8424
8425 8426
8427 8428
8429 8430
8431 8433
8432 8434
8435 8436
8437 8438
8439 8443
8440 8444
8441 8445
8442 8446
8447 8448
8449 8451
8450 8452
3575 8453
8454 8455
5042 8456
8457 8458
8460 8461
8462 8464
8463 8467
8465 8468
8466 8469
8470 8471
8472 8473
8474 8475
8476 8477
8478 8479
8480 8481
8482 8483
8484 8485
8487 8488
8489 8490
4614 8491
8493 8494
8495 8496
8497 8498
7336 8499
8501 8502
8503 8506
8504 8507
8505 8508
8509 8510
7943 8511
8513 8514
8515 8517
8516 8518
8519 8522
8520 8523
8521 8524
8525 8526
8527 8528
6112 8529
8530 8531
8532 8533
8534 8535
8536 8537
8538 8539
8540 8541
8542 8543
8545 8546
8547 8548
8549 8550
8551 8552
8553 8554
5944 8556
8555 8557
8558 8559
8560 8561
4049 8562
8563 8564
8459 8565
8567 8568
8569 8570
8571 8572
8575 8576
8574 8577
8573 8578
8579 8580
8581 8582
8583 8584
8585 8586
8587 8588
8273 8589
8590 8591
8593 8594
8595 8596
8597 8598
8599 8600
8601 8602
8604 8605
8606 8607
8608 8609
8610 8611
8612 8613
8615 8616
8617 8618
8620 8621
8622 8623
8624 8625
8627 8628
8630 8631
8629 8632
8633 8634
8636 8637
8638 8639
8641 8642
8643 8644
8645 8646
6806 8647
8649 8650
8651 8652
5548 8654
8653 8655
8656 8657
8658 8659
8660 8661
8662 8663
8664 8665
8666 8667
8668 8669
8670 8671
7418 8672
8673 8674
8675 8677
8676 8678
8680 8681
8682 8683
8684 8685
8686 8687
8688 8689
8690 8691
8692 8693
8694 8695
8696 8697
8698 8699
8701 8702
8703 8704
8705 8706
8707 8708
8709 8710
8711 8713
8712 8714
8715 8716
8717 8718
8719 8720
8721 8722
8723 8726
8724 8727
8725 8728
8729 8730
8700 8731
8733 8734
8735 8736
7685 8737
8738 8739
8740 8741
8732 8742
8743 8744
8745 8746
8747 8748
8750 8751
8752 8753
8755 8756
8757 8758
8759 8760
8761 8762
8763 8764
8765 8766
8767 8768
8769 8770
8771 8772
8773 8774
8775 8776
8777 8779
8780 8781
8782 8783
8784 8785
8786 8787
8788 8789
8790 8791
8792 8793
8795 8796
8640 8797
7681 8798
8799 8800
8801 8802
8804 8805
8803 8806
8807 8808
8809 8810
8811 8812
8813 8814
8817 8818
8819 8820
8821 8823
8822 8824
8825 8826
8827 8828
8829 8830
8831 8832
8833 8834
8836 8837
8838 8839
8840 8841
8679 8842
8486 8843
8844 8845
8846 8847
8848 8849
8850 8851
5341 8852
8853 8854
8749 8855
8856 8857
8858 8859
8860 8861
8862 8863
8864 8865
8754 8866
8868 8869
4496 8871
8870 8872
8873 8874
8876 8877
8878 8879
8880 8881
8882 8883
8884 8885
8886 8887
8888 8889
8890 8892
8891 8893
8894 8895
8897 8898
8899 8900
8544 8901
8903 8904
7468 8905
8906 8907
8908 8909
8910 8911
8422 8912
8913 8914
6653 8915
8916 8917
8918 8919
8920 8922
8921 8923
8924 8925
8926 8927
7723 8928
8929 8930
8816 8931
8366 8932
8778 8933
8492 8934
8935 8936
8937 8938
8939 8940
8942 8943
8944 8945
8946 8947
8948 8949
8950 8951
8952 8953
8954 8955
8957 8958
8961 8962
8963 8964
8966 8967
8968 8969
8970 8973
8972 8974
8971 8975
8976 8977
8978 8979
8619 8980
8981 8983
8982 8986
8984 8987
8985 8988
8989 8990
8991 8992
8994 8995
8996 8997
8998 8999
6430 9000
9001 9002
9003 9004
9005 9006
9007 9008
9009 9010
9011 9012
9013 9014
9015 9016
9017 9018
9019 9020
9021 9022
9023 9024
9025 9027
9026 9028
9029 9030
9031 9032
9033 9035
9034 9036
9037 9038
9039 9040
8290 9041
9044 9045
9046 9047
9048 9049
9050 9051
9052 9053
8512 9054
9056 9057
9058 9059
9062 9063
9064 9065
9066 9067
9068 9069
9070 9071
9072 9073
7525 9074
9075 9077
9076 9080
9078 9081
9079 9082
9083 9084
9085 9086
8177 9087
9089 9090
9091 9092
9093 9094
9095 9096
8603 9097
9088 9098
9099 9100
9101 9102
9103 9104
8309 9105
9107 9108
8993 9109
9110 9111
9112 9113
9114 9115
8875 9116
9118 9119
9120 9121
9122 9123
9124 9125
9126 9127
9128 9129
9061 9130
9131 9132
9133 9134
9042 9135
9136 9137
9138 9139
8835 9140
9060 9141
8956 9142
9143 9144
8500 9145
9146 9147
9148 9149
9150 9151
9152 9153
9154 9155
9106 9156
9158 9159
9160 9161
8941 9162
9117 9163
9164 9165
9167 9168
9166 9169
8965 9170
9171 9172
9173 9174
9175 9176
9043 9177
8815 9178
8635 9179
9180 9182
9181 9183
9184 9185
9186 9187
9188 9189
9190 9191
9192 9193
9194 9195
8960 9196
9157 9197
9198 9199
8902 9200
9201 9202
9203 9204
9205 9206
9207 9208
8794 9209
9210 9211
8626 9212
9213 9214
9215 9216
9217 9218
9219 9220
8896 9221
9222 9223
8959 9224
9055 9225
8614 9226
8592 9227
7483 9228
9229 9230
9231 9232
9233 9234
9235 9236
9237 9238
8867 9239
9240 9241
9242 9243
8648 9244
9245 9246
9247 9248
9249 9250
9251 9252
9253 9254
9255 9256
7917 9257
8566 9258
9259 9260
