0.3517584818	0.5700314536	0.8221028695	0.2091836899	0.3297559218	0.5669275764	0.265063847	0.6326916904	0.7399756559	0.8858382065	0.8099333774
0.6288422212	0.8756098509	0.373756494	0.8185099869	0.4408735912	0.1832244034	0.1474507172	0.1518647232	0.1506575515	0.7652843007	0.3062590385
0.2481254189	0.9964603663	0.7319088131	0.336089863	0.8036894668	0.0028895472	0.6068965435	0.0169909235	0.8268930632	0.4535554236	0.7787571853
0.5034971787	0.5207519293	0.7305048913	0.7092067841	0.9676686386	0.8295661034	0.3815079659	0.2673827116	0.8326792483	0.9636322013	0.1239320418
0.8859061434	0.3952131177	0.4292317551	0.7943348892	0.7751060319	0.0770094928	0.9614998199	0.3555166944	0.0013936905	0.0899760439	0.765035368
0.4018132028	0.1255385054	0.6487933001	0.8949763005	0.6261255137	0.5986168693	0.5201769613	0.0860844177	0.7524317965	0.2330942297	0.8476163697
0.5312034281	0.0080746948	0.6839319678	0.8442819181	0.584443977	0.9434831503	0.1449769475	0.150151109	0.8320653538	0.005360187	0.1445277873
0.7064419672	0.2289196145	0.1206265863	0.9633325222	0.3443116282	0.1060237419	0.545671603	0.9937965905	0.7834379008	0.3946387497	0.7014483813
0.6466649592	0.2040415081	0.8139484198	0.4933846788	0.8584113072	0.3768210845	0.1703545948	0.5877689019	0.702255695	0.7575450426	0.6631553843
0.0395215768	0.7027150592	0.6040041177	0.4826385619	0.6747086314	0.6316661485	0.7218532935	0.2588989913	0.7780578051	0.2602806338	0.7642475112
0.6893612489	0.8757467081	0.4619136601	0.8526197908	0.261071114	0.0513286441	0.76856224	0.9458580187	0.4881955409	0.9013574414	0.7983233165
0.4721387501	0.9770735728	0.9090445205	0.3648578378	0.1247855898	0.3574507234	0.4662534769	0.9698919588	0.8554739326	0.2244560763	0.9848648957
0.2457327305	0.8500659383	0.6411253232	0.2079375112	0.7270289331	0.4054298419	0.5319933752	0.9887521427	0.1609234381	0.9100607018	0.8477912684
0.4787436276	0.9691945834	0.9121213047	0.9621847555	0.6246419972	0.5128185834	0.0006067666	0.552834617	0.3192058524	0.5386947651	0.6358470235
0.1094118775	0.8874086458	0.1734683061	0.3137945512	0.3874833556	0.2090913482	0.3789237052	0.117636402	0.4116391498	0.2962343595	0.0685272921
0.9289093251	0.075132656	0.4271171295	0.1301314319	0.8552613305	0.4876199156	0.7710332919	0.0091726594	0.4703445042	0.2856972211	0.3882361417
0.6585680795	0.9182906826	0.7179278399	0.5719273155	0.9273138598	0.0337472831	0.3780767757	0.0156907307	0.0738085291	0.2179775034	0.0593625782
0.3433617818	0.1044889878	0.0205753609	0.6414172433	0.1861623431	0.1751325057	0.5032140401	0.8428883854	0.8776149745	0.7013531873	0.0517144417
0.0367110352	0.9241114276	0.1956931405	0.738385366	0.1748650714	0.0674744943	0.980572964	0.4543437252	0.507002312	0.3527599761	0.6985779262
0.1251885713	0.5161495356	0.0500652519	0.5847168667	0.8071104568	0.845560394	0.5479609512	0.1983062181	0.8807441971	0.7921243582	0.4370417903
0.7754708599	0.5077960529	0.3804520241	0.7128516877	0.4522085985	0.7403397818	0.0774565389	0.3689523737	0.2084200084	0.9323232905	0.0522101682
0.3200767882	0.0797352917	0.0001603479	0.9789268391	0.5076297369	0.0912460245	1.94094914444433E-05	0.0691843882	0.3015302489	0.2109737808	0.4050954324
0.6916200945	0.4621224343	0.1796135904	0.0707898382	0.8168325679	0.9623024887	0.6035101785	0.369971355	0.60927166	0.2914011964	0.8411671051
0.2493749205	0.1022704532	0.2241105211	0.0138468883	0.5037310948	0.5066095629	0.4522672465	0.8811527023	0.0929339873	0.6330161332	0.2950142553
0.6242170688	0.1236813057	0.6088084227	0.4505858763	0.0495614523	0.2320520675	0.0647191953	0.9245790792	0.1770090375	0.7038343765	0.9593311673
0.6100465915	0.5793114393	0.4828508294	0.5372570477	0.8220711727	0.1808293016	0.3471374664	0.2409524327	0.2753972059	0.0081810263	0.1691700655
0.8071684376	0.3289979366	0.6755934839	0.7548617876	0.4363496403	0.3704969072	0.8753438155	0.3460634631	0.7510168804	0.6037818803	0.9593374562
0.8309843719	0.2775603956	0.0531862525	0.007764681	0.5205369792	0.3633609466	0.7735149425	0.3428427633	0.465612842	0.9143609032	0.3970325087
0.1956790106	0.014877059	0.5405390015	0.1654148098	0.5761690702	0.9831751336	0.8692645644	0.3928144951	0.3569326536	0.6683190055	0.1510782113
0.0501274158	0.75582025	0.1349432256	0.3899954982	0.4379607095	0.3536735251	0.2987774215	0.0285013013	0.8161262105	0.6901242628	0.7221125031
0.089085827	0.8881828093	0.0269054325	0.6292381301	0.6566853503	0.0933175459	0.6701264729	0.2646263417	0.4320865785	0.832667346	0.7075196637
0.3461400753	0.7401152819	0.222295262	0.2743364439	0.9181890253	0.7004569279	0.4637754968	0.8774682869	0.7818161068	0.5428065426	0.8879285897
0.1108503962	0.5927589984	0.7499197537	0.5999697631	0.1411698385	0.1151272819	0.2310694793	0.0931829024	0.2176139764	0.4090187973	0.799211156
0.7385177472	0.7774142536	0.6064385123	0.7359177	0.5474598893	0.2031897842	0.7958818679	0.6459544172	0.2693685055	0.9471143589	0.0303967973
0.2264242369	0.3928996662	0.6579258366	0.9515469974	0.4338529829	0.9780522223	0.7430539926	0.1256497636	0.2896240253	0.0991980579	0.4553565115
0.3520877606	0.0672004307	0.9363398612	0.4358120628	0.7674689133	0.1179078373	0.4733801365	0.1625970517	0.4435255904	0.4644829963	0.3857967584
0.3417257484	0.0522252942	0.7455713584	0.496944287	0.5280740564	0.9742153805	0.734803544	0.9432598683	0.9597180689	0.2567189382	0.3430862722
0.1464864239	0.9217366211	0.767117065	0.2675180352	0.191070818	0.424838299	0.8866980956	0.5539538444	0.880725158	0.5428754969	0.2414637055
0.7035776511	0.3636004933	0.3096766943	0.8294599603	0.9886412979	0.1478328188	0.1485949374	0.9791217361	0.3901005216	0.718283717	0.2826568793
0.8327462427	0.4610974771	0.8866081418	0.8882698345	0.4513288827	0.5368867818	0.8088482738	0.2608041257	0.3395344474	0.1330201022	0.628380765
0.185493804	0.1576708643	0.4718822516	0.0613256296	0.9380016468	0.6110784953	0.0714714104	0.579196273	0.8636325315	0.0924087814	0.9099215576
0.1010317226	0.6834823746	0.526699332	0.7471073883	0.0253456445	0.3849372536	0.1002667841	0.9897930917	0.8077915009	0.5391024739	0.5355506059
0.0481580501	0.0462715604	0.457892051	0.5859065469	0.8492903908	0.7031008831	0.9119698266	0.9936014277	0.7744787027	0.4513371066	0.5336468053
0.5027765059	0.6277972225	0.1251057103	0.7522429355	0.6257225086	0.374158587	0.045166875	0.2817388816	0.8061986837	0.7615780582	0.1019919892
0.6324015575	0.0045613777	0.9251456224	0.4240897614	0.6390694799	0.7033862615	0.0579436743	0.0859674492	0.5137008367	0.3091898155	0.6397792944
0.2191629328	0.2761235459	0.4775773496	0.6037577634	0.2247222748	0.8719848712	0.2698078826	0.6291815244	0.9616866639	0.6091923533	0.7976873012
